time, ALLSE, ALLKE, ALLWK, ALLFD
0.000000000000000000e+00, 9.665595889091491699e-01, 0.000000000000000000e+00, 2.633082628250122070e+00, 1.990467160940170288e-01
3.088360926994937472e-06, 8.010414838790893555e-01, 9.855486452579498291e-02, 2.633082628250122070e+00, 2.055914551019668579e-01
6.062575721443863586e-06, 7.745688557624816895e-01, 9.883928298950195312e-02, 2.633082628250122070e+00, 2.066985219717025757e-01
9.036871233547572047e-06, 7.596419453620910645e-01, 1.067532896995544434e-01, 2.633082628250122070e+00, 2.091910541057586670e-01
1.200839506054762751e-05, 1.889251470565795898e+00, 3.426342904567718506e-01, 4.509351253509521484e+00, 2.330090552568435669e-01
1.508880541223334149e-05, 7.761976242065429688e+00, 1.582056045532226562e+00, 1.412032413482666016e+01, 3.893548548221588135e-01
1.805088504625018686e-05, 1.918622589111328125e+01, 4.803356647491455078e+00, 3.281131362915039062e+01, 5.623586773872375488e-01
2.101048085023649037e-05, 3.523923873901367188e+01, 1.199778079986572266e+01, 6.152466583251953125e+01, 8.831158876419067383e-01
2.408464388281572610e-05, 5.566304397583007812e+01, 2.710148429870605469e+01, 1.014414749145507812e+02, 1.543656945228576660e+00
2.705134647840168327e-05, 7.469847869873046875e+01, 4.951881408691406250e+01, 1.467150726318359375e+02, 2.808305501937866211e+00
3.001813820446841419e-05, 9.136370849609375000e+01, 7.712385559082031250e+01, 1.949935760498046875e+02, 4.833318710327148438e+00
3.309732346679084003e-05, 1.074860000610351562e+02, 1.074114227294921875e+02, 2.457305145263671875e+02, 8.333393096923828125e+00
3.605895835789851844e-05, 1.237903366088867188e+02, 1.335465850830078125e+02, 2.925192871093750000e+02, 1.309335231781005859e+01
3.901826494256965816e-05, 1.415058593750000000e+02, 1.547574920654296875e+02, 3.363863525390625000e+02, 1.830811500549316406e+01
4.209417238598689437e-05, 1.615308074951171875e+02, 1.722114562988281250e+02, 3.790830993652343750e+02, 2.363253402709960938e+01
4.503890886553563178e-05, 1.793005371093750000e+02, 1.849540557861328125e+02, 4.168230285644531250e+02, 2.793681526184082031e+01
4.808893936569802463e-05, 2.017388916015625000e+02, 1.947994537353515625e+02, 4.535150451660156250e+02, 3.095151901245117188e+01
5.102346767671406269e-05, 2.233933868408203125e+02, 2.048286590576171875e+02, 4.890533752441406250e+02, 3.303970718383789062e+01
5.406832133303396404e-05, 2.444500122070312500e+02, 2.171821289062500000e+02, 5.277653808593750000e+02, 3.541556930541992188e+01
5.711230187444016337e-05, 2.675517578125000000e+02, 2.313474426269531250e+02, 5.702752685546875000e+02, 3.825601959228515625e+01
6.004248643876053393e-05, 2.927398071289062500e+02, 2.472801513671875000e+02, 6.160999755859375000e+02, 4.125440979003906250e+01
6.308485171757638454e-05, 3.205591430664062500e+02, 2.678424072265625000e+02, 6.685124511718750000e+02, 4.461201477050781250e+01
6.601378845516592264e-05, 3.445725708007812500e+02, 2.915665893554687500e+02, 7.219055175781250000e+02, 4.824430465698242188e+01
6.905420013936236501e-05, 3.664138793945312500e+02, 3.202358703613281250e+02, 7.785219116210937500e+02, 5.239612960815429688e+01
7.209353498183190823e-05, 3.856340332031250000e+02, 3.532667236328125000e+02, 8.351156616210937500e+02, 5.696575927734375000e+01
7.501815707655623555e-05, 4.009375305175781250e+02, 3.884434814453125000e+02, 8.888165283203125000e+02, 6.156104278564453125e+01
7.805450150044634938e-05, 4.116592712402343750e+02, 4.264474182128906250e+02, 9.435110473632812500e+02, 6.621426391601562500e+01
8.108986367005854845e-05, 4.236929016113281250e+02, 4.637333984375000000e+02, 9.975095825195312500e+02, 7.091689300537109375e+01
8.401305967709049582e-05, 4.354771728515625000e+02, 4.976935424804687500e+02, 1.048307250976562500e+03, 7.575000762939453125e+01
8.704918582225218415e-05, 4.482337951660156250e+02, 5.306221313476562500e+02, 1.099800292968750000e+03, 8.132230377197265625e+01
9.008488268591463566e-05, 4.598885192871093750e+02, 5.633398437500000000e+02, 1.150832153320312500e+03, 8.703446197509765625e+01
9.300893725594505668e-05, 4.704815063476562500e+02, 5.965589599609375000e+02, 1.200676635742187500e+03, 9.237264251708984375e+01
9.604756633052602410e-05, 4.802883300781250000e+02, 6.330623168945312500e+02, 1.253570556640625000e+03, 9.793489837646484375e+01
9.908807987812906504e-05, 4.885518188476562500e+02, 6.721380004882812500e+02, 1.307822631835937500e+03, 1.036776733398437500e+02
1.020184354274533689e-04, 4.940498046875000000e+02, 7.134523315429687500e+02, 1.361477294921875000e+03, 1.097377777099609375e+02
1.050638675224035978e-04, 4.969240417480468750e+02, 7.603927612304687500e+02, 1.418026367187500000e+03, 1.161706390380859375e+02
1.081117079593241215e-04, 4.973331909179687500e+02, 8.091528320312500000e+02, 1.474060913085937500e+03, 1.227979660034179688e+02
1.110440352931618690e-04, 4.965157165527343750e+02, 8.559487304687500000e+02, 1.527187500000000000e+03, 1.294977264404296875e+02
1.140864915214478970e-04, 4.979868469238281250e+02, 9.019416503906250000e+02, 1.581044067382812500e+03, 1.366584320068359375e+02
1.170161413028836250e-04, 4.987576599121093750e+02, 9.434909057617187500e+02, 1.630089843750000000e+03, 1.441572418212890625e+02
1.200580882141366601e-04, 4.986081848144531250e+02, 9.847624511718750000e+02, 1.678233764648437500e+03, 1.524743347167968750e+02
1.230992638738825917e-04, 4.977882690429687500e+02, 1.022230346679687500e+03, 1.722911499023437500e+03, 1.609723968505859375e+02
1.260298740817233920e-04, 4.975176696777343750e+02, 1.053679931640625000e+03, 1.762435302734375000e+03, 1.694654998779296875e+02
1.290754298679530621e-04, 5.000155639648437500e+02, 1.081403930664062500e+03, 1.800918212890625000e+03, 1.776175842285156250e+02
1.320095761911943555e-04, 5.034006652832031250e+02, 1.105525024414062500e+03, 1.836366455078125000e+03, 1.855287475585937500e+02
1.350580569123849273e-04, 5.063540649414062500e+02, 1.128977905273437500e+03, 1.871430419921875000e+03, 1.936856842041015625e+02
1.381106267217546701e-04, 5.108343200683593750e+02, 1.150272827148437500e+03, 1.904043579101562500e+03, 2.007780151367187500e+02
1.410506520187482238e-04, 5.157752075195312500e+02, 1.169105468750000000e+03, 1.933427124023437500e+03, 2.076280975341796875e+02
1.440988853573799133e-04, 5.195761718750000000e+02, 1.188495849609375000e+03, 1.962702026367187500e+03, 2.153750457763671875e+02
1.470392453484237194e-04, 5.193548583984375000e+02, 1.207265991210937500e+03, 1.989380615234375000e+03, 2.233454132080078125e+02
1.500924699939787388e-04, 5.185923461914062500e+02, 1.226283081054687500e+03, 2.015244506835937500e+03, 2.315553436279296875e+02
1.530334120616316795e-04, 5.190858764648437500e+02, 1.242228515625000000e+03, 2.038300170898437500e+03, 2.389170074462890625e+02
1.560873351991176605e-04, 5.193125610351562500e+02, 1.256284423828125000e+03, 2.060184082031250000e+03, 2.467546081542968750e+02
1.590277242939919233e-04, 5.194104614257812500e+02, 1.268316528320312500e+03, 2.079463134765625000e+03, 2.545913696289062500e+02
1.620809780433773994e-04, 5.198512573242187500e+02, 1.278947631835937500e+03, 2.098120361328125000e+03, 2.626180725097656250e+02
1.650197373237460852e-04, 5.218620605468750000e+02, 1.287848510742187500e+03, 2.115759765625000000e+03, 2.699929504394531250e+02
1.680697314441204071e-04, 5.247989501953125000e+02, 1.295258666992187500e+03, 2.133733398437500000e+03, 2.773018188476562500e+02
1.710052165435627103e-04, 5.288062133789062500e+02, 1.303279541015625000e+03, 2.151243164062500000e+03, 2.843525695800781250e+02
1.740541629260405898e-04, 5.299426879882812500e+02, 1.312226074218750000e+03, 2.169249755859375000e+03, 2.913870544433593750e+02
1.771043898770585656e-04, 5.324579467773437500e+02, 1.320828735351562500e+03, 2.187037353515625000e+03, 2.980722045898437500e+02
1.800415629986673594e-04, 5.342142944335937500e+02, 1.329008178710937500e+03, 2.203883056640625000e+03, 3.049858093261718750e+02
1.830891415011137724e-04, 5.356770019531250000e+02, 1.336898193359375000e+03, 2.220685302734375000e+03, 3.125870666503906250e+02
1.860217016655951738e-04, 5.363336181640625000e+02, 1.344017944335937500e+03, 2.235987060546875000e+03, 3.202402343750000000e+02
1.890681742224842310e-04, 5.369435424804687500e+02, 1.350772216796875000e+03, 2.250994384765625000e+03, 3.280794677734375000e+02
1.920025097206234932e-04, 5.383862304687500000e+02, 1.356174194335937500e+03, 2.264930419921875000e+03, 3.350003967285156250e+02
1.950498262885957956e-04, 5.404412841796875000e+02, 1.361588623046875000e+03, 2.278918457031250000e+03, 3.417104492187500000e+02
1.980998931685462594e-04, 5.412538452148437500e+02, 1.367896118164062500e+03, 2.292415039062500000e+03, 3.481930236816406250e+02
2.010367024922743440e-04, 5.411015014648437500e+02, 1.374430053710937500e+03, 2.305179687500000000e+03, 3.545990905761718750e+02
2.040867839241400361e-04, 5.419141845703125000e+02, 1.381371093750000000e+03, 2.318558105468750000e+03, 3.609380187988281250e+02
2.070247719530016184e-04, 5.420468139648437500e+02, 1.387694946289062500e+03, 2.332022216796875000e+03, 3.670386352539062500e+02
2.100761630572378635e-04, 5.447288208007812500e+02, 1.393943847656250000e+03, 2.346294189453125000e+03, 3.726741943359375000e+02
2.130171196768060327e-04, 5.475768432617187500e+02, 1.399298217773437500e+03, 2.359944335937500000e+03, 3.781268920898437500e+02
2.160738076781854033e-04, 5.507753906250000000e+02, 1.404215576171875000e+03, 2.373490234375000000e+03, 3.837415771484375000e+02
2.190171799156814814e-04, 5.531632080078125000e+02, 1.409042236328125000e+03, 2.385990234375000000e+03, 3.893996582031250000e+02
2.220719179604202509e-04, 5.542339477539062500e+02, 1.414918457031250000e+03, 2.398871093750000000e+03, 3.955098266601562500e+02
2.250122197438031435e-04, 5.554042358398437500e+02, 1.420404907226562500e+03, 2.411034912109375000e+03, 4.011440429687500000e+02
2.280642365803942084e-04, 5.565490722656250000e+02, 1.425976196289062500e+03, 2.423319824218750000e+03, 4.067062683105468750e+02
2.310047566425055265e-04, 5.573472900390625000e+02, 1.432095214843750000e+03, 2.435313232421875000e+03, 4.120820617675781250e+02
2.340589999221265316e-04, 5.568239135742187500e+02, 1.439241210937500000e+03, 2.448344238281250000e+03, 4.181636047363281250e+02
2.371127338847145438e-04, 5.581342773437500000e+02, 1.446206298828125000e+03, 2.462002685546875000e+03, 4.234001464843750000e+02
2.400541852694004774e-04, 5.598444824218750000e+02, 1.452884887695312500e+03, 2.475730224609375000e+03, 4.284667358398437500e+02
2.431087195873260498e-04, 5.628015747070312500e+02, 1.459965209960937500e+03, 2.490706542968750000e+03, 4.337487182617187500e+02
2.460477990098297596e-04, 5.650816040039062500e+02, 1.467448364257812500e+03, 2.505537597656250000e+03, 4.388707885742187500e+02
2.490998595021665096e-04, 5.666429443359375000e+02, 1.476114990234375000e+03, 2.521168701171875000e+03, 4.440739746093750000e+02
2.520372217986732721e-04, 5.681909179687500000e+02, 1.483955444335937500e+03, 2.536294677734375000e+03, 4.494872131347656250e+02
2.550854405853897333e-04, 5.700195922851562500e+02, 1.491604614257812500e+03, 2.552032714843750000e+03, 4.552763977050781250e+02
2.580196305643767118e-04, 5.711002197265625000e+02, 1.499920410156250000e+03, 2.567558837890625000e+03, 4.607511901855468750e+02
2.610646479297429323e-04, 5.716986694335937500e+02, 1.509615478515625000e+03, 2.584333007812500000e+03, 4.663214416503906250e+02
2.641088212840259075e-04, 5.733323364257812500e+02, 1.520138427734375000e+03, 2.601884033203125000e+03, 4.711841430664062500e+02
2.670380054041743279e-04, 5.752564086914062500e+02, 1.530821044921875000e+03, 2.619280517578125000e+03, 4.756893005371093750e+02
2.700791810639202595e-04, 5.776477050781250000e+02, 1.541848510742187500e+03, 2.637284423828125000e+03, 4.803410644531250000e+02
2.730061532929539680e-04, 5.790018310546875000e+02, 1.552421020507812500e+03, 2.653647216796875000e+03, 4.848433227539062500e+02
2.760448260232806206e-04, 5.797644042968750000e+02, 1.562966674804687500e+03, 2.669392333984375000e+03, 4.896591796875000000e+02
2.790823054965585470e-04, 5.796834106445312500e+02, 1.572148681640625000e+03, 2.683612060546875000e+03, 4.945511779785156250e+02
2.820073859766125679e-04, 5.803668212890625000e+02, 1.579510375976562500e+03, 2.695724121093750000e+03, 4.987955322265625000e+02
2.850585733540356159e-04, 5.813343505859375000e+02, 1.585645629882812500e+03, 2.706869384765625000e+03, 5.028971557617187500e+02
2.880095271393656731e-04, 5.820045776367187500e+02, 1.590523559570312500e+03, 2.716612060546875000e+03, 5.070945129394531250e+02
2.910757611971348524e-04, 5.833663940429687500e+02, 1.595476806640625000e+03, 2.726090820312500000e+03, 5.112213439941406250e+02
2.940309641417115927e-04, 5.832286376953125000e+02, 1.600442749023437500e+03, 2.735072021484375000e+03, 5.150296020507812500e+02
2.970994974020868540e-04, 5.826586914062500000e+02, 1.606012695312500000e+03, 2.744320800781250000e+03, 5.188341674804687500e+02
3.000541473738849163e-04, 5.820333862304687500e+02, 1.611937011718750000e+03, 2.753757324218750000e+03, 5.225652465820312500e+02
3.030074003618210554e-04, 5.809862060546875000e+02, 1.619073608398437500e+03, 2.764164794921875000e+03, 5.264827270507812500e+02
3.060725866816937923e-04, 5.804220581054687500e+02, 1.627544921875000000e+03, 2.775942626953125000e+03, 5.301291503906250000e+02
3.090233949478715658e-04, 5.799801025390625000e+02, 1.636839111328125000e+03, 2.787849121093750000e+03, 5.335520019531250000e+02
3.120877372566610575e-04, 5.786149291992187500e+02, 1.647331787109375000e+03, 2.800695556640625000e+03, 5.370162963867187500e+02
3.150397678837180138e-04, 5.751102905273437500e+02, 1.659220214843750000e+03, 2.813386230468750000e+03, 5.418765258789062500e+02
3.181075735483318567e-04, 5.737496337890625000e+02, 1.668751342773437500e+03, 2.827206298828125000e+03, 5.455432739257812500e+02
3.210620488971471786e-04, 5.739757080078125000e+02, 1.678398559570312500e+03, 2.840660888671875000e+03, 5.488922729492187500e+02
3.240157966502010822e-04, 5.743270874023437500e+02, 1.688237915039062500e+03, 2.854011474609375000e+03, 5.527300415039062500e+02
3.270827291999012232e-04, 5.731919555664062500e+02, 1.699056396484375000e+03, 2.867728759765625000e+03, 5.569444580078125000e+02
3.300361568108201027e-04, 5.718389892578125000e+02, 1.709133422851562500e+03, 2.880609619140625000e+03, 5.613208618164062500e+02
3.331024781800806522e-04, 5.714960327148437500e+02, 1.717698730468750000e+03, 2.893325683593750000e+03, 5.658450317382812500e+02
3.360565751791000366e-04, 5.715059204101562500e+02, 1.725091308593750000e+03, 2.905140380859375000e+03, 5.703417358398437500e+02
3.390112542547285557e-04, 5.714031982421875000e+02, 1.732134765625000000e+03, 2.916477050781250000e+03, 5.748162231445312500e+02
3.420801076572388411e-04, 5.711279907226562500e+02, 1.738984252929687500e+03, 2.927507812500000000e+03, 5.793835449218750000e+02
3.450343501754105091e-04, 5.706723632812500000e+02, 1.744612182617187500e+03, 2.937475341796875000e+03, 5.840522460937500000e+02
3.481024759821593761e-04, 5.712061767578125000e+02, 1.749712890625000000e+03, 2.947392578125000000e+03, 5.884867553710937500e+02
3.510581736918538809e-04, 5.720180053710937500e+02, 1.754132324218750000e+03, 2.956535644531250000e+03, 5.928952636718750000e+02
3.540152101777493954e-04, 5.720667114257812500e+02, 1.758500732421875000e+03, 2.965160888671875000e+03, 5.972608642578125000e+02
3.570859262254089117e-04, 5.729138183593750000e+02, 1.762074096679687500e+03, 2.973682861328125000e+03, 6.015469970703125000e+02
3.600435738917440176e-04, 5.738316650390625000e+02, 1.765029541015625000e+03, 2.981430664062500000e+03, 6.058751220703125000e+02
3.630015999078750610e-04, 5.742244873046875000e+02, 1.767996826171875000e+03, 2.988612548828125000e+03, 6.097470703125000000e+02
3.660734510049223900e-04, 5.740040893554687500e+02, 1.771207275390625000e+03, 2.995612548828125000e+03, 6.137058715820312500e+02
3.690301382448524237e-04, 5.738201904296875000e+02, 1.774539428710937500e+03, 3.002426513671875000e+03, 6.171347656250000000e+02
3.721001266967505217e-04, 5.738233032226562500e+02, 1.777636596679687500e+03, 3.009629638671875000e+03, 6.209032592773437500e+02
3.750559117179363966e-04, 5.733264160156250000e+02, 1.781092529296875000e+03, 3.016790771484375000e+03, 6.248488159179687500e+02
3.780113183893263340e-04, 5.726945800781250000e+02, 1.784847900390625000e+03, 3.024387939453125000e+03, 6.287489624023437500e+02
3.810784837696701288e-04, 5.716036376953125000e+02, 1.789792358398437500e+03, 3.032937744140625000e+03, 6.330036010742187500e+02
3.840315912384539843e-04, 5.707161865234375000e+02, 1.795399169921875000e+03, 3.041743896484375000e+03, 6.368444213867187500e+02
3.870971850119531155e-04, 5.706792602539062500e+02, 1.802216674804687500e+03, 3.051973632812500000e+03, 6.404820556640625000e+02
3.900498850271105766e-04, 5.703241577148437500e+02, 1.809574951171875000e+03, 3.062965576171875000e+03, 6.440447387695312500e+02
3.930031380150467157e-04, 5.702681884765625000e+02, 1.818019653320312500e+03, 3.074746582031250000e+03, 6.476164550781250000e+02
3.960707981605082750e-04, 5.692764892578125000e+02, 1.827519897460937500e+03, 3.087528808593750000e+03, 6.517340087890625000e+02
3.990258846897631884e-04, 5.676351318359375000e+02, 1.837597534179687500e+03, 3.100545410156250000e+03, 6.560039672851562500e+02
4.020943015348166227e-04, 5.664144897460937500e+02, 1.848304199218750000e+03, 3.114534912109375000e+03, 6.602001953125000000e+02
4.050483694300055504e-04, 5.663312988281250000e+02, 1.857747680664062500e+03, 3.127772460937500000e+03, 6.639515991210937500e+02
4.080031649209558964e-04, 5.667984619140625000e+02, 1.867464477539062500e+03, 3.140678955078125000e+03, 6.676293334960937500e+02
4.110714653506875038e-04, 5.660963134765625000e+02, 1.877126220703125000e+03, 3.153909912109375000e+03, 6.716739501953125000e+02
4.140251257922500372e-04, 5.658413085937500000e+02, 1.885828491210937500e+03, 3.166359130859375000e+03, 6.753010253906250000e+02
4.170886531937867403e-04, 5.668446655273437500e+02, 1.894099121093750000e+03, 3.178630615234375000e+03, 6.792930908203125000e+02
4.200425464659929276e-04, 5.671294555664062500e+02, 1.901029296875000000e+03, 3.189951660156250000e+03, 6.832114257812500000e+02
4.231091297697275877e-04, 5.675977172851562500e+02, 1.907785400390625000e+03, 3.201189697265625000e+03, 6.869271850585937500e+02
4.260635469108819962e-04, 5.690609130859375000e+02, 1.914157348632812500e+03, 3.211704345703125000e+03, 6.904351196289062500e+02
4.290238139219582081e-04, 5.702823486328125000e+02, 1.919767944335937500e+03, 3.221994384765625000e+03, 6.941120605468750000e+02
4.321011074353009462e-04, 5.707982177734375000e+02, 1.925307006835937500e+03, 3.232647705078125000e+03, 6.981502685546875000e+02
4.350646922830492258e-04, 5.704890136718750000e+02, 1.931278930664062500e+03, 3.243065185546875000e+03, 7.025375976562500000e+02
4.380286263767629862e-04, 5.703806762695312500e+02, 1.937986450195312500e+03, 3.253835205078125000e+03, 7.068690185546875000e+02
4.411070549394935369e-04, 5.699690551757812500e+02, 1.944910400390625000e+03, 3.265396972656250000e+03, 7.114949340820312500e+02
4.440713091753423214e-04, 5.704949951171875000e+02, 1.951825317382812500e+03, 3.277397216796875000e+03, 7.158607788085937500e+02
4.470354469958692789e-04, 5.712270507812500000e+02, 1.959118774414062500e+03, 3.289686767578125000e+03, 7.202453613281250000e+02
4.501136427279561758e-04, 5.715132446289062500e+02, 1.966670654296875000e+03, 3.302353515625000000e+03, 7.248936767578125000e+02
4.530780133791267872e-04, 5.722286376953125000e+02, 1.973432495117187500e+03, 3.314391113281250000e+03, 7.293735961914062500e+02
4.560425877571105957e-04, 5.732348022460937500e+02, 1.979564819335937500e+03, 3.326219726562500000e+03, 7.340798339843750000e+02
4.590075695887207985e-04, 5.744827880859375000e+02, 1.985279296875000000e+03, 3.337926757812500000e+03, 7.387872924804687500e+02
4.620862309820950031e-04, 5.757400512695312500e+02, 1.991365234375000000e+03, 3.350130615234375000e+03, 7.437197265625000000e+02
4.650503396987915039e-04, 5.766678466796875000e+02, 1.997573608398437500e+03, 3.362054443359375000e+03, 7.484426879882812500e+02
4.680137208197265863e-04, 5.782498779296875000e+02, 2.003553222656250000e+03, 3.374040527343750000e+03, 7.530154418945312500e+02
4.710912762675434351e-04, 5.804554443359375000e+02, 2.009486694335937500e+03, 3.386693115234375000e+03, 7.578397216796875000e+02
4.740552394650876522e-04, 5.824587402343750000e+02, 2.014551513671875000e+03, 3.398580566406250000e+03, 7.625924072265625000e+02
4.770190571434795856e-04, 5.837351074218750000e+02, 2.019350341796875000e+03, 3.410005859375000000e+03, 7.673420410156250000e+02
4.800978931598365307e-04, 5.855573120117187500e+02, 2.023524047851562500e+03, 3.421232177734375000e+03, 7.719919433593750000e+02
4.830623220186680555e-04, 5.886567993164062500e+02, 2.026485717773437500e+03, 3.431548583984375000e+03, 7.762357788085937500e+02
4.860266053583472967e-04, 5.900955200195312500e+02, 2.029799316406250000e+03, 3.440985839843750000e+03, 7.805767822265625000e+02
4.891055286861956120e-04, 5.918086547851562500e+02, 2.032165161132812500e+03, 3.450184326171875000e+03, 7.850860595703125000e+02
4.920710925944149494e-04, 5.935896606445312500e+02, 2.033751342773437500e+03, 3.458463623046875000e+03, 7.896652832031250000e+02
4.950324073433876038e-04, 5.948970947265625000e+02, 2.036014038085937500e+03, 3.466819335937500000e+03, 7.941983642578125000e+02
4.981080419383943081e-04, 5.922310180664062500e+02, 2.043171264648437500e+03, 3.475805419921875000e+03, 7.985274047851562500e+02
5.010694148950278759e-04, 5.907023925781250000e+02, 2.048916259765625000e+03, 3.484565429687500000e+03, 8.025023803710937500e+02
5.040305550210177898e-04, 5.906257324218750000e+02, 2.053223144531250000e+03, 3.493231689453125000e+03, 8.061969604492187500e+02
5.071056075394153595e-04, 5.914518432617187500e+02, 2.057061767578125000e+03, 3.501855468750000000e+03, 8.099258422851562500e+02
5.100684938952326775e-04, 5.917723999023437500e+02, 2.060576416015625000e+03, 3.509900878906250000e+03, 8.137689208984375000e+02
5.130316712893545628e-04, 5.924333496093750000e+02, 2.062795166015625000e+03, 3.517148437500000000e+03, 8.176290283203125000e+02
5.161090521141886711e-04, 5.917626342773437500e+02, 2.065392333984375000e+03, 3.523452880859375000e+03, 8.219305419921875000e+02
5.190725205466151237e-04, 5.905440063476562500e+02, 2.068070800781250000e+03, 3.528743896484375000e+03, 8.257193603515625000e+02
5.220366292633116245e-04, 5.891094360351562500e+02, 2.070008056640625000e+03, 3.533136962890625000e+03, 8.295837402343750000e+02
5.250013200566172600e-04, 5.877490234375000000e+02, 2.071051513671875000e+03, 3.536871093750000000e+03, 8.333286743164062500e+02
5.280808545649051666e-04, 5.855635375976562500e+02, 2.072802490234375000e+03, 3.540314208984375000e+03, 8.370864868164062500e+02
5.310460692271590233e-04, 5.820115966796875000e+02, 2.075399902343750000e+03, 3.543071777343750000e+03, 8.407617797851562500e+02
5.340110510587692261e-04, 5.787844238281250000e+02, 2.077561523437500000e+03, 3.546049560546875000e+03, 8.443752441406250000e+02
5.370904691517353058e-04, 5.739490356445312500e+02, 2.081674560546875000e+03, 3.549689453125000000e+03, 8.486594848632812500e+02
5.400550435297191143e-04, 5.695843505859375000e+02, 2.086067626953125000e+03, 3.553286865234375000e+03, 8.524878540039062500e+02
5.430182209238409996e-04, 5.645514526367187500e+02, 2.089797607421875000e+03, 3.556397216796875000e+03, 8.562340087890625000e+02
5.460891406983137131e-04, 5.614588623046875000e+02, 2.092021728515625000e+03, 3.559687500000000000e+03, 8.602084350585937500e+02
5.490465555340051651e-04, 5.585203857421875000e+02, 2.093477539062500000e+03, 3.562520751953125000e+03, 8.638685913085937500e+02
5.520042032003402710e-04, 5.549866333007812500e+02, 2.095579101562500000e+03, 3.564829833984375000e+03, 8.675357666015625000e+02
5.550759378820657730e-04, 5.516183471679687500e+02, 2.097591796875000000e+03, 3.567477294921875000e+03, 8.711237792968750000e+02
5.580348079092800617e-04, 5.498580322265625000e+02, 2.098157958984375000e+03, 3.570134277343750000e+03, 8.744271850585937500e+02
5.611090455204248428e-04, 5.480403442382812500e+02, 2.099067871093750000e+03, 3.572803466796875000e+03, 8.776716918945312500e+02
5.640696035698056221e-04, 5.469885253906250000e+02, 2.099233642578125000e+03, 3.575404541015625000e+03, 8.807008056640625000e+02
5.670312675647437572e-04, 5.430858154296875000e+02, 2.102086181640625000e+03, 3.578099365234375000e+03, 8.839100952148437500e+02
5.701071349903941154e-04, 5.385524291992187500e+02, 2.104864990234375000e+03, 3.581152343750000000e+03, 8.873009033203125000e+02
5.730692646466195583e-04, 5.333609008789062500e+02, 2.109790527343750000e+03, 3.584385498046875000e+03, 8.903330688476562500e+02
5.760318017564713955e-04, 5.282208862304687500e+02, 2.115073974609375000e+03, 3.587772705078125000e+03, 8.936003417968750000e+02
5.790964351035654545e-04, 5.242308959960937500e+02, 2.120342285156250000e+03, 3.591387451171875000e+03, 8.971589355468750000e+02
5.820556543767452240e-04, 5.182841186523437500e+02, 2.125425781250000000e+03, 3.595090576171875000e+03, 9.005291137695312500e+02
5.850179004482924938e-04, 5.102669372558593750e+02, 2.133283203125000000e+03, 3.599058349609375000e+03, 9.042728271484375000e+02
5.880894605070352554e-04, 5.021436462402343750e+02, 2.141213867187500000e+03, 3.603317138671875000e+03, 9.078041381835937500e+02
5.910446634516119957e-04, 4.950880126953125000e+02, 2.148652099609375000e+03, 3.607609130859375000e+03, 9.110417480468750000e+02
5.940025439485907555e-04, 4.886325683593750000e+02, 2.155739501953125000e+03, 3.612062744140625000e+03, 9.142366943359375000e+02
5.970761412754654884e-04, 4.824273986816406250e+02, 2.162869628906250000e+03, 3.616918701171875000e+03, 9.181097412109375000e+02
6.000000284984707832e-04, 4.764184265136718750e+02, 2.168991210937500000e+03, 3.621641113281250000e+03, 9.219049682617187500e+02
