time, ALLSE, ALLKE, ALLWK, ALLFD
0.000000000000000000e+00, 9.186601042747497559e-01, 0.000000000000000000e+00, 2.985278606414794922e+00, 2.522632479667663574e-01
3.088217454205732793e-06, 7.553271651268005371e-01, 9.792592376470565796e-02, 2.985278606414794922e+00, 2.586497664451599121e-01
6.062341071810806170e-06, 7.314582467079162598e-01, 9.818013757467269897e-02, 2.985278606414794922e+00, 2.597717940807342529e-01
9.036568371811881661e-06, 7.150877118110656738e-01, 1.067348942160606384e-01, 2.985278606414794922e+00, 2.622564136981964111e-01
1.210289337905123830e-05, 1.244324922561645508e+00, 2.774865627288818359e-01, 4.817163944244384766e+00, 2.637851238250732422e-01
1.501335100329015404e-05, 6.194262981414794922e+00, 1.869927287101745605e+00, 1.407357788085937500e+01, 2.662265300750732422e-01
1.801084545149933547e-05, 1.753120231628417969e+01, 5.970180988311767578e+00, 3.275818252563476562e+01, 2.871645092964172363e-01
2.100387973769102246e-05, 3.452140045166015625e+01, 1.292683792114257812e+01, 5.981933975219726562e+01, 4.738912284374237061e-01
2.410569686617236584e-05, 5.359249496459960938e+01, 2.465558624267578125e+01, 9.507515716552734375e+01, 9.597130417823791504e-01
2.709480395424179733e-05, 7.393917083740234375e+01, 4.078541183471679688e+01, 1.347592163085937500e+02, 1.677989125251770020e+00
3.008589919772930443e-05, 9.542595672607421875e+01, 5.951236724853515625e+01, 1.778300170898437500e+02, 2.700993299484252930e+00
3.308020677650347352e-05, 1.191386871337890625e+02, 7.864212036132812500e+01, 2.231086730957031250e+02, 4.005265712738037109e+00
3.608021143008954823e-05, 1.450599975585937500e+02, 9.697502136230468750e+01, 2.697857360839843750e+02, 5.411719322204589844e+00
3.908736107405275106e-05, 1.723047790527343750e+02, 1.145325622558593750e+02, 3.169606018066406250e+02, 6.915312767028808594e+00
4.210041151964105666e-05, 1.996912384033203125e+02, 1.329951324462890625e+02, 3.652127685546875000e+02, 8.298059463500976562e+00
4.500728027778677642e-05, 2.255581817626953125e+02, 1.521425018310546875e+02, 4.126699218750000000e+02, 9.691215515136718750e+00
4.803148476639762521e-05, 2.525269165039062500e+02, 1.730087585449218750e+02, 4.637388610839843750e+02, 1.130595016479492188e+01
5.106167736812494695e-05, 2.824886169433593750e+02, 1.925743408203125000e+02, 5.171405029296875000e+02, 1.330213737487792969e+01
5.409707591752521694e-05, 3.172041015625000000e+02, 2.096647033691406250e+02, 5.736007690429687500e+02, 1.587013626098632812e+01
5.702324051526375115e-05, 3.547746582031250000e+02, 2.245837860107421875e+02, 6.307620849609375000e+02, 1.877750015258789062e+01
6.006360490573570132e-05, 3.959403076171875000e+02, 2.404314727783203125e+02, 6.918477783203125000e+02, 2.192708396911621094e+01
6.310502794804051518e-05, 4.357173156738281250e+02, 2.580592041015625000e+02, 7.527568969726562500e+02, 2.490040779113769531e+01
6.603983638342469931e-05, 4.707207031250000000e+02, 2.777936401367187500e+02, 8.110630493164062500e+02, 2.782504081726074219e+01
6.909280637046322227e-05, 5.043924255371093750e+02, 3.005005798339843750e+02, 8.715104370117187500e+02, 3.117290687561035156e+01
7.203584391390904784e-05, 5.357233886718750000e+02, 3.236369934082031250e+02, 9.296099243164062500e+02, 3.464621353149414062e+01
7.509518036385998130e-05, 5.668385620117187500e+02, 3.485650939941406250e+02, 9.893139038085937500e+02, 3.801113510131835938e+01
7.804190681781619787e-05, 5.943410644531250000e+02, 3.747841186523437500e+02, 1.047241943359375000e+03, 4.113559722900390625e+01
8.110200724331662059e-05, 6.200562744140625000e+02, 4.053339843750000000e+02, 1.109601562500000000e+03, 4.456659317016601562e+01
8.404816617257893085e-05, 6.452534790039062500e+02, 4.382474670410156250e+02, 1.173717285156250000e+03, 4.833027267456054688e+01
8.710756083019077778e-05, 6.718768310546875000e+02, 4.753357849121093750e+02, 1.244505004882812500e+03, 5.287456130981445312e+01
9.005302126752212644e-05, 6.975145263671875000e+02, 5.128451538085937500e+02, 1.316243530273437500e+03, 5.750258255004882812e+01
9.311113535659387708e-05, 7.262765502929687500e+02, 5.552199096679687500e+02, 1.394848754882812500e+03, 6.267216491699218750e+01
9.605464583728462458e-05, 7.534174804687500000e+02, 5.998986206054687500e+02, 1.473293334960937500e+03, 6.796595001220703125e+01
9.911038796417415142e-05, 7.794613647460937500e+02, 6.507935180664062500e+02, 1.556841064453125000e+03, 7.327790069580078125e+01
1.020522031467407942e-04, 8.021694946289062500e+02, 7.036613769531250000e+02, 1.638297729492187500e+03, 7.838164520263671875e+01
1.051032741088420153e-04, 8.239509887695312500e+02, 7.607122192382812500e+02, 1.722443847656250000e+03, 8.346958923339843750e+01
1.080385554814711213e-04, 8.437341918945312500e+02, 8.158364868164062500e+02, 1.801567260742187500e+03, 8.827487945556640625e+01
1.110834346036426723e-04, 8.620054931640625000e+02, 8.729514160156250000e+02, 1.881162353515625000e+03, 9.303108215332031250e+01
1.140120875788852572e-04, 8.770162353515625000e+02, 9.273262329101562500e+02, 1.954797363281250000e+03, 9.760190582275390625e+01
1.170522373286075890e-04, 8.915560913085937500e+02, 9.820822753906250000e+02, 2.028520141601562500e+03, 1.023288116455078125e+02
1.200905462610535324e-04, 9.063638305664062500e+02, 1.034793701171875000e+03, 2.101011718750000000e+03, 1.068873901367187500e+02
1.230139314429834485e-04, 9.213664550781250000e+02, 1.082826049804687500e+03, 2.169891845703125000e+03, 1.120980682373046875e+02
1.260474236914888024e-04, 9.374244995117187500e+02, 1.130493408203125000e+03, 2.240519287109375000e+03, 1.180837707519531250e+02
1.290785148739814758e-04, 9.539425659179687500e+02, 1.177178833007812500e+03, 2.310092529296875000e+03, 1.241395339965820312e+02
1.321076852036640048e-04, 9.689585571289062500e+02, 1.223935668945312500e+03, 2.378399902343750000e+03, 1.304376220703125000e+02
1.350242382613942027e-04, 9.807990112304687500e+02, 1.268502685546875000e+03, 2.442455566406250000e+03, 1.373675689697265625e+02
1.380518515361472964e-04, 9.921954956054687500e+02, 1.313659912109375000e+03, 2.507116455078125000e+03, 1.452995910644531250e+02
1.410790864611044526e-04, 1.002576416015625000e+03, 1.357858276367187500e+03, 2.569958007812500000e+03, 1.534627227783203125e+02
1.441071945009753108e-04, 1.011804565429687500e+03, 1.401075683593750000e+03, 2.630935546875000000e+03, 1.617353057861328125e+02
1.470217393944039941e-04, 1.019420043945312500e+03, 1.442720458984375000e+03, 2.688829101562500000e+03, 1.698406524658203125e+02
1.500460784882307053e-04, 1.025911376953125000e+03, 1.486138427734375000e+03, 2.748982177734375000e+03, 1.788205261230468750e+02
1.530679001007229090e-04, 1.032572875976562500e+03, 1.529671386718750000e+03, 2.809491943359375000e+03, 1.880622100830078125e+02
1.560873351991176605e-04, 1.038842163085937500e+03, 1.573171752929687500e+03, 2.870550048828125000e+03, 1.973672027587890625e+02
1.591052277944982052e-04, 1.044853637695312500e+03, 1.616413330078125000e+03, 2.931810546875000000e+03, 2.065383453369140625e+02
1.620079274289309978e-04, 1.051978027343750000e+03, 1.657372558593750000e+03, 2.990481445312500000e+03, 2.159325256347656250e+02
1.650214398978278041e-04, 1.058202514648437500e+03, 1.698760131835937500e+03, 3.050129394531250000e+03, 2.260041961669921875e+02
1.680357381701469421e-04, 1.065484497070312500e+03, 1.738999755859375000e+03, 3.108666259765625000e+03, 2.362414703369140625e+02
1.710481446934863925e-04, 1.074701660156250000e+03, 1.777506591796875000e+03, 3.165891845703125000e+03, 2.461083068847656250e+02
1.740586012601852417e-04, 1.081884643554687500e+03, 1.814506713867187500e+03, 3.221491210937500000e+03, 2.557618408203125000e+02
1.770691305864602327e-04, 1.090961791992187500e+03, 1.850967651367187500e+03, 3.275353271484375000e+03, 2.658052062988281250e+02
1.800749305402860045e-04, 1.097609375000000000e+03, 1.886401977539062500e+03, 3.327125244140625000e+03, 2.762191467285156250e+02
1.830807159421965480e-04, 1.105141357421875000e+03, 1.916284912109375000e+03, 3.376762939453125000e+03, 2.864280395507812500e+02
1.860905904322862625e-04, 1.113927734375000000e+03, 1.945646850585937500e+03, 3.424941650390625000e+03, 2.963359680175781250e+02
1.891005376819521189e-04, 1.122561035156250000e+03, 1.972792114257812500e+03, 3.471843994140625000e+03, 3.065236206054687500e+02
1.921087823575362563e-04, 1.130601684570312500e+03, 1.998959594726562500e+03, 3.517779785156250000e+03, 3.170439147949218750e+02
1.950036821654066443e-04, 1.138925903320312500e+03, 2.023768310546875000e+03, 3.561407958984375000e+03, 3.273751831054687500e+02
1.980091910809278488e-04, 1.147987426757812500e+03, 2.049086425781250000e+03, 3.606079345703125000e+03, 3.377641601562500000e+02
2.010147727560251951e-04, 1.157515014648437500e+03, 2.072946289062500000e+03, 3.649820556640625000e+03, 3.476461486816406250e+02
2.040188701357692480e-04, 1.166873168945312500e+03, 2.095464111328125000e+03, 3.692642089843750000e+03, 3.575266723632812500e+02
2.070225164061412215e-04, 1.176440429687500000e+03, 2.117033935546875000e+03, 3.734771972656250000e+03, 3.674657897949218750e+02
2.100266428897157311e-04, 1.185317626953125000e+03, 2.139063720703125000e+03, 3.776702880859375000e+03, 3.778772888183593750e+02
2.130309148924425244e-04, 1.193615112304687500e+03, 2.161177734375000000e+03, 3.818131347656250000e+03, 3.881812744140625000e+02
2.160344301955774426e-04, 1.200503906250000000e+03, 2.182805664062500000e+03, 3.858817871093750000e+03, 3.988330078125000000e+02
2.190388768212869763e-04, 1.207386108398437500e+03, 2.204080078125000000e+03, 3.899129150390625000e+03, 4.093811340332031250e+02
2.220438182121142745e-04, 1.214320678710937500e+03, 2.225676757812500000e+03, 3.939369140625000000e+03, 4.198664245605468750e+02
2.250506804557517171e-04, 1.220608520507812500e+03, 2.247861816406250000e+03, 3.979795898437500000e+03, 4.306374206542968750e+02
2.280578046338632703e-04, 1.225941650390625000e+03, 2.270642822265625000e+03, 4.020263916015625000e+03, 4.420663146972656250e+02
2.310654090251773596e-04, 1.229973022460937500e+03, 2.294202392578125000e+03, 4.060759765625000000e+03, 4.540679931640625000e+02
2.340727805858477950e-04, 1.232284912109375000e+03, 2.318453613281250000e+03, 4.101090332031250000e+03, 4.662147827148437500e+02
2.370795700699090958e-04, 1.234000488281250000e+03, 2.343346191406250000e+03, 4.141134765625000000e+03, 4.785109558105468750e+02
2.400850353296846151e-04, 1.234925170898437500e+03, 2.368687011718750000e+03, 4.180782226562500000e+03, 4.909777832031250000e+02
2.430899476166814566e-04, 1.234524658203125000e+03, 2.394908203125000000e+03, 4.220360839843750000e+03, 5.038484802246093750e+02
2.460969262756407261e-04, 1.233364257812500000e+03, 2.422104492187500000e+03, 4.259475097656250000e+03, 5.165619506835937500e+02
2.491045161150395870e-04, 1.232020751953125000e+03, 2.450370849609375000e+03, 4.298267578125000000e+03, 5.285308837890625000e+02
2.520012785680592060e-04, 1.229879882812500000e+03, 2.478487792968750000e+03, 4.335165527343750000e+03, 5.393142700195312500e+02
2.550096833147108555e-04, 1.226967163085937500e+03, 2.509027099609375000e+03, 4.373451660156250000e+03, 5.501826782226562500e+02
2.580175350885838270e-04, 1.224051025390625000e+03, 2.539397705078125000e+03, 4.411274414062500000e+03, 5.610191040039062500e+02
2.610236697364598513e-04, 1.220651000976562500e+03, 2.569242675781250000e+03, 4.448240234375000000e+03, 5.718713989257812500e+02
2.640285820234566927e-04, 1.216041015625000000e+03, 2.599316406250000000e+03, 4.484403320312500000e+03, 5.827668457031250000e+02
2.670336107257753611e-04, 1.210212768554687500e+03, 2.629603515625000000e+03, 4.519851074218750000e+03, 5.936530151367187500e+02
2.700396289583295584e-04, 1.203660034179687500e+03, 2.659976806640625000e+03, 4.554484375000000000e+03, 6.050470581054687500e+02
2.730453852564096451e-04, 1.196937622070312500e+03, 2.689635009765625000e+03, 4.587998535156250000e+03, 6.161795043945312500e+02
2.760516945272684097e-04, 1.189435791015625000e+03, 2.719422851562500000e+03, 4.621160644531250000e+03, 6.269157714843750000e+02
2.790589933283627033e-04, 1.181952514648437500e+03, 2.749990234375000000e+03, 4.654515625000000000e+03, 6.370741577148437500e+02
2.820669906213879585e-04, 1.174767456054687500e+03, 2.781212402343750000e+03, 4.687991699218750000e+03, 6.470908813476562500e+02
2.850760938599705696e-04, 1.165493774414062500e+03, 2.813499755859375000e+03, 4.721929199218750000e+03, 6.573508911132812500e+02
2.880851679947227240e-04, 1.155789794921875000e+03, 2.846784179687500000e+03, 4.756250976562500000e+03, 6.678600463867187500e+02
2.910948533099144697e-04, 1.145409912109375000e+03, 2.880676269531250000e+03, 4.790611328125000000e+03, 6.783365478515625000e+02
2.941044513136148453e-04, 1.134453247070312500e+03, 2.915904296875000000e+03, 4.824758789062500000e+03, 6.888204345703125000e+02
2.970029017888009548e-04, 1.123463867187500000e+03, 2.950589111328125000e+03, 4.857530273437500000e+03, 6.986359863281250000e+02
3.000135766342282295e-04, 1.112050659179687500e+03, 2.986693359375000000e+03, 4.891110351562500000e+03, 7.089685668945312500e+02
3.030257357750087976e-04, 1.099340087890625000e+03, 3.022638671875000000e+03, 4.924326660156250000e+03, 7.190988159179687500e+02
3.060378076042979956e-04, 1.086315307617187500e+03, 3.059947998046875000e+03, 4.957590820312500000e+03, 7.294347534179687500e+02
3.090486861765384674e-04, 1.066205078125000000e+03, 3.103237548828125000e+03, 4.991466308593750000e+03, 7.398529052734375000e+02
3.120581386610865593e-04, 1.051670288085937500e+03, 3.142131103515625000e+03, 5.025433593750000000e+03, 7.493795776367187500e+02
3.150661941617727280e-04, 1.037173950195312500e+03, 3.181499511718750000e+03, 5.059710449218750000e+03, 7.582490844726562500e+02
3.180734347552061081e-04, 1.021262878417968750e+03, 3.221625244140625000e+03, 5.094014160156250000e+03, 7.674713134765625000e+02
3.210809954907745123e-04, 1.006765747070312500e+03, 3.262123046875000000e+03, 5.128404296875000000e+03, 7.763623657226562500e+02
3.240890800952911377e-04, 9.918753051757812500e+02, 3.301842529296875000e+03, 5.162719726562500000e+03, 7.851209106445312500e+02
3.270982997491955757e-04, 9.778507690429687500e+02, 3.341150146484375000e+03, 5.196444335937500000e+03, 7.941404418945312500e+02
3.301076649222522974e-04, 9.585108642578125000e+02, 3.384540527343750000e+03, 5.230124023437500000e+03, 8.030788574218750000e+02
3.330053878016769886e-04, 9.435149536132812500e+02, 3.422342285156250000e+03, 5.261386230468750000e+03, 8.121596069335937500e+02
3.360137634444981813e-04, 9.281326293945312500e+02, 3.460574707031250000e+03, 5.293985351562500000e+03, 8.210854492187500000e+02
3.390242054592818022e-04, 9.122306518554687500e+02, 3.498634521484375000e+03, 5.326219238281250000e+03, 8.304420166015625000e+02
3.420347929932177067e-04, 8.965993652343750000e+02, 3.536460937500000000e+03, 5.357791015625000000e+03, 8.398617553710937500e+02
3.450471267569810152e-04, 8.811742553710937500e+02, 3.571796386718750000e+03, 5.388827148437500000e+03, 8.492359008789062500e+02
3.480608284007757902e-04, 8.676158447265625000e+02, 3.606967529296875000e+03, 5.420361328125000000e+03, 8.587180175781250000e+02
3.510779642965644598e-04, 8.551663208007812500e+02, 3.640365966796875000e+03, 5.450238769531250000e+03, 8.681076049804687500e+02
3.540963807608932257e-04, 8.409262695312500000e+02, 3.674069824218750000e+03, 5.479979492187500000e+03, 8.780885009765625000e+02
3.570050757844001055e-04, 8.261101684570312500e+02, 3.706779052734375000e+03, 5.508586425781250000e+03, 8.879362182617187500e+02
3.600254131015390158e-04, 8.117947998046875000e+02, 3.740408203125000000e+03, 5.537973144531250000e+03, 8.978875122070312500e+02
3.630440915003418922e-04, 7.967354125976562500e+02, 3.774232421875000000e+03, 5.566838867187500000e+03, 9.075712890625000000e+02
3.660568327177315950e-04, 7.821514282226562500e+02, 3.808619873046875000e+03, 5.595372070312500000e+03, 9.169722290039062500e+02
3.690735611598938704e-04, 7.664804077148437500e+02, 3.843226562500000000e+03, 5.623409667968750000e+03, 9.266577148437500000e+02
3.720901149790734053e-04, 7.503045654296875000e+02, 3.878305664062500000e+03, 5.651131347656250000e+03, 9.365387573242187500e+02
3.751097247004508972e-04, 7.323986816406250000e+02, 3.913177246093750000e+03, 5.677736328125000000e+03, 9.460376586914062500e+02
3.780203696805983782e-04, 7.152272338867187500e+02, 3.945690185546875000e+03, 5.702401367187500000e+03, 9.551218872070312500e+02
3.810440248344093561e-04, 6.954314575195312500e+02, 3.981676757812500000e+03, 5.727388183593750000e+03, 9.640496215820312500e+02
3.840697754640132189e-04, 6.746947021484375000e+02, 4.019697265625000000e+03, 5.751208984375000000e+03, 9.725273437500000000e+02
3.870976506732404232e-04, 6.524192504882812500e+02, 4.056128173828125000e+03, 5.774200683593750000e+03, 9.805178833007812500e+02
3.900134761352092028e-04, 6.325496215820312500e+02, 4.090260009765625000e+03, 5.796482910156250000e+03, 9.883313598632812500e+02
3.930422535631805658e-04, 6.125008544921875000e+02, 4.125145996093750000e+03, 5.819490722656250000e+03, 9.968629150390625000e+02
3.960704198107123375e-04, 5.915742187500000000e+02, 4.159481445312500000e+03, 5.842487792968750000e+03, 1.006358886718750000e+03
3.991002740804105997e-04, 5.687680053710937500e+02, 4.195227539062500000e+03, 5.865445312500000000e+03, 1.015959899902343750e+03
4.020195046905428171e-04, 5.482684326171875000e+02, 4.228508300781250000e+03, 5.887506835937500000e+03, 1.025059082031250000e+03
4.050527641084045172e-04, 5.261946411132812500e+02, 4.263203613281250000e+03, 5.910377441406250000e+03, 1.034838745117187500e+03
4.080882936250418425e-04, 5.076874389648437500e+02, 4.295695312500000000e+03, 5.933377441406250000e+03, 1.044557617187500000e+03
4.110126174055039883e-04, 4.895157165527343750e+02, 4.326205566406250000e+03, 5.955006835937500000e+03, 1.054329345703125000e+03
4.140513483434915543e-04, 4.708861694335937500e+02, 4.356701660156250000e+03, 5.976738769531250000e+03, 1.063704223632812500e+03
4.170948814135044813e-04, 4.536831359863281250e+02, 4.387548828125000000e+03, 5.998285644531250000e+03, 1.072375854492187500e+03
4.200283729005604982e-04, 4.372125549316406250e+02, 4.415452148437500000e+03, 6.017873535156250000e+03, 1.080967651367187500e+03
4.230758349876850843e-04, 4.208338623046875000e+02, 4.442926269531250000e+03, 6.037114746093750000e+03, 1.089035278320312500e+03
4.260126734152436256e-04, 4.044574279785156250e+02, 4.471038085937500000e+03, 6.055412597656250000e+03, 1.095805908203125000e+03
4.290628130547702312e-04, 3.862426452636718750e+02, 4.501296875000000000e+03, 6.074390136718750000e+03, 1.102789184570312500e+03
4.320028820075094700e-04, 3.715534362792968750e+02, 4.527164550781250000e+03, 6.092172363281250000e+03, 1.109838256835937500e+03
4.350567469373345375e-04, 3.548412170410156250e+02, 4.554624023437500000e+03, 6.110642089843750000e+03, 1.116973388671875000e+03
4.381080798339098692e-04, 3.380270690917968750e+02, 4.582320312500000000e+03, 6.127818847656250000e+03, 1.123693481445312500e+03
4.410452092997729778e-04, 3.245094909667968750e+02, 4.606166015625000000e+03, 6.143108398437500000e+03, 1.129400024414062500e+03
4.441065539140254259e-04, 3.119889526367187500e+02, 4.628149414062500000e+03, 6.157243164062500000e+03, 1.135178710937500000e+03
4.470555868465453386e-04, 2.997570190429687500e+02, 4.647690917968750000e+03, 6.169216796875000000e+03, 1.140249755859375000e+03
4.501073563005775213e-04, 2.878203125000000000e+02, 4.665720703125000000e+03, 6.180350585937500000e+03, 1.145447875976562500e+03
4.530478909146040678e-04, 2.801539611816406250e+02, 4.678860351562500000e+03, 6.190369140625000000e+03, 1.150468017578125000e+03
4.561030073091387749e-04, 2.701964721679687500e+02, 4.693350097656250000e+03, 6.199229980468750000e+03, 1.155482299804687500e+03
4.590452590491622686e-04, 2.592817993164062500e+02, 4.707533203125000000e+03, 6.206688476562500000e+03, 1.160228027343750000e+03
4.621021216735243797e-04, 2.451633453369140625e+02, 4.723985351562500000e+03, 6.213739746093750000e+03, 1.165071289062500000e+03
4.650479240808635950e-04, 2.334279937744140625e+02, 4.737523437500000000e+03, 6.219851074218750000e+03, 1.169485961914062500e+03
4.681072605308145285e-04, 2.204298706054687500e+02, 4.752495117187500000e+03, 6.226048828125000000e+03, 1.173846923828125000e+03
4.710557404905557632e-04, 2.100797119140625000e+02, 4.764529785156250000e+03, 6.232206542968750000e+03, 1.178143676757812500e+03
4.740060830954462290e-04, 2.020741119384765625e+02, 4.774151367187500000e+03, 6.238165039062500000e+03, 1.182738403320312500e+03
4.770717350766062737e-04, 1.921035766601562500e+02, 4.785958007812500000e+03, 6.244121093750000000e+03, 1.187357177734375000e+03
4.800252208951860666e-04, 1.809659423828125000e+02, 4.798445312500000000e+03, 6.249474609375000000e+03, 1.191735229492187500e+03
4.830930556636303663e-04, 1.732393493652343750e+02, 4.807128906250000000e+03, 6.254217773437500000e+03, 1.195853149414062500e+03
4.860488115809857845e-04, 1.673555908203125000e+02, 4.812897949218750000e+03, 6.257961914062500000e+03, 1.199794921875000000e+03
4.890069249086081982e-04, 1.623966217041015625e+02, 4.817612792968750000e+03, 6.260961914062500000e+03, 1.203502197265625000e+03
4.920787177979946136e-04, 1.560935516357421875e+02, 4.823043945312500000e+03, 6.263572753906250000e+03, 1.207099731445312500e+03
4.950405564159154892e-04, 1.517055969238281250e+02, 4.826220703125000000e+03, 6.265839843750000000e+03, 1.210461669921875000e+03
4.980047815479338169e-04, 1.472875213623046875e+02, 4.829398437500000000e+03, 6.267916992187500000e+03, 1.213557006835937500e+03
5.010812892578542233e-04, 1.427458648681640625e+02, 4.832371093750000000e+03, 6.270031250000000000e+03, 1.216823852539062500e+03
5.040435935370624065e-04, 1.405313568115234375e+02, 4.834013671875000000e+03, 6.272264648437500000e+03, 1.219728759765625000e+03
5.070060142315924168e-04, 1.379635620117187500e+02, 4.836105468750000000e+03, 6.274733398437500000e+03, 1.222611450195312500e+03
5.100815906189382076e-04, 1.360239105224609375e+02, 4.837484863281250000e+03, 6.277093261718750000e+03, 1.225380249023437500e+03
5.130426725372672081e-04, 1.350395812988281250e+02, 4.838166992187500000e+03, 6.279440429687500000e+03, 1.227970214843750000e+03
5.160026485100388527e-04, 1.327832946777343750e+02, 4.840099121093750000e+03, 6.281834960937500000e+03, 1.230491455078125000e+03
5.190756637603044510e-04, 1.297957763671875000e+02, 4.842792480468750000e+03, 6.284460449218750000e+03, 1.233231201171875000e+03
5.220344173721969128e-04, 1.270060043334960938e+02, 4.845438476562500000e+03, 6.286697753906250000e+03, 1.235556518554687500e+03
5.251078982837498188e-04, 1.246301727294921875e+02, 4.847103027343750000e+03, 6.288446289062500000e+03, 1.237911987304687500e+03
5.280687473714351654e-04, 1.231355285644531250e+02, 4.847230957031250000e+03, 6.289525390625000000e+03, 1.240062011718750000e+03
5.310297710821032524e-04, 1.213696975708007812e+02, 4.846672363281250000e+03, 6.289869628906250000e+03, 1.242437866210937500e+03
5.341038340702652931e-04, 1.186993942260742188e+02, 4.846564453125000000e+03, 6.289869628906250000e+03, 1.244968872070312500e+03
5.370636936277151108e-04, 1.182270660400390625e+02, 4.844504394531250000e+03, 6.289869628906250000e+03, 1.247301879882812500e+03
5.400245427154004574e-04, 1.166540679931640625e+02, 4.843318847656250000e+03, 6.289869628906250000e+03, 1.249573730468750000e+03
5.431008175946772099e-04, 1.183438415527343750e+02, 4.839292968750000000e+03, 6.289869628906250000e+03, 1.251808349609375000e+03
5.460646352730691433e-04, 1.208286895751953125e+02, 4.834363281250000000e+03, 6.289869628906250000e+03, 1.254028198242187500e+03
5.490283947438001633e-04, 1.233689041137695312e+02, 4.829449218750000000e+03, 6.289869628906250000e+03, 1.256349243164062500e+03
5.521038547158241272e-04, 1.239660186767578125e+02, 4.826261230468750000e+03, 6.289869628906250000e+03, 1.258788208007812500e+03
5.550633650273084641e-04, 1.235042495727539062e+02, 4.824224609375000000e+03, 6.289869628906250000e+03, 1.261296875000000000e+03
5.580179276876151562e-04, 1.248857498168945312e+02, 4.820150878906250000e+03, 6.289869628906250000e+03, 1.263894042968750000e+03
5.610856460407376289e-04, 1.260206680297851562e+02, 4.816099609375000000e+03, 6.289869628906250000e+03, 1.266571289062500000e+03
5.640382296405732632e-04, 1.251747207641601562e+02, 4.814370605468750000e+03, 6.289869628906250000e+03, 1.269079223632812500e+03
5.671048420481383801e-04, 1.239300079345703125e+02, 4.812897460937500000e+03, 6.289869628906250000e+03, 1.271626953125000000e+03
5.700555630028247833e-04, 1.213521347045898438e+02, 4.812657226562500000e+03, 6.289869628906250000e+03, 1.274248291015625000e+03
5.730055854655802250e-04, 1.202905349731445312e+02, 4.811117675781250000e+03, 6.289869628906250000e+03, 1.276922485351562500e+03
5.760703352279961109e-04, 1.195999984741210938e+02, 4.808496582031250000e+03, 6.289869628906250000e+03, 1.279792114257812500e+03
5.790214054286479950e-04, 1.173721160888671875e+02, 4.807200683593750000e+03, 6.289869628906250000e+03, 1.282853271484375000e+03
5.820834194310009480e-04, 1.155547485351562500e+02, 4.805370605468750000e+03, 6.289869628906250000e+03, 1.286203247070312500e+03
5.850299494341015816e-04, 1.145317993164062500e+02, 4.802673339843750000e+03, 6.289869628906250000e+03, 1.289338623046875000e+03
5.880894605070352554e-04, 1.157602615356445312e+02, 4.797666992187500000e+03, 6.289869628906250000e+03, 1.292605712890625000e+03
5.910364561714231968e-04, 1.174415664672851562e+02, 4.791779296875000000e+03, 6.289869628906250000e+03, 1.295996459960937500e+03
5.940975970588624477e-04, 1.213734893798828125e+02, 4.783847656250000000e+03, 6.289869628906250000e+03, 1.299567749023437500e+03
5.970433121547102928e-04, 1.247729797363281250e+02, 4.776580078125000000e+03, 6.289869628906250000e+03, 1.303118408203125000e+03
6.000000284984707832e-04, 1.279113388061523438e+02, 4.769442871093750000e+03, 6.289869628906250000e+03, 1.306707519531250000e+03
