time, ALLSE, ALLKE, ALLWK, ALLFD
0.000000000000000000e+00, 9.405751824378967285e-01, 0.000000000000000000e+00, 1.253050565719604492e+00, 1.048525348305702209e-01
3.087951199631788768e-06, 7.901685237884521484e-01, 9.546486288309097290e-02, 1.253050565719604492e+00, 1.109328716993331909e-01
6.061445674276910722e-06, 7.676352858543395996e-01, 1.012498289346694946e-01, 1.253050565719604492e+00, 1.140936389565467834e-01
9.034843969857320189e-06, 7.596503496170043945e-01, 1.057007461786270142e-01, 1.275147914886474609e+00, 1.181726977229118347e-01
1.200838778459001333e-05, 2.493657112121582031e+00, 7.065777182579040527e-01, 5.221436500549316406e+00, 1.197679936885833740e-01
1.509631056251237169e-05, 9.201796531677246094e+00, 2.859705686569213867e+00, 1.761264801025390625e+01, 1.245299279689788818e-01
1.806241562007926404e-05, 2.239794921875000000e+01, 7.480510711669921875e+00, 3.839392852783203125e+01, 1.897571980953216553e-01
2.101954305544495583e-05, 3.973901748657226562e+01, 1.554334545135498047e+01, 6.703372955322265625e+01, 4.357639849185943604e-01
2.408369255135767162e-05, 5.995711135864257812e+01, 2.885890197753906250e+01, 1.038634033203125000e+02, 9.821666479110717773e-01
2.702768142626155168e-05, 7.959939575195312500e+01, 4.505625534057617188e+01, 1.434000091552734375e+02, 1.717844963073730469e+00
3.007919804076664150e-05, 1.016656723022460938e+02, 6.423538208007812500e+01, 1.875135498046875000e+02, 2.592768430709838867e+00
3.301400283817201853e-05, 1.247487487792968750e+02, 8.233193969726562500e+01, 2.314537353515625000e+02, 3.583866119384765625e+00
3.605955862440168858e-05, 1.515828704833984375e+02, 9.985245513916015625e+01, 2.783578491210937500e+02, 4.666059970855712891e+00
3.910421946784481406e-05, 1.799042510986328125e+02, 1.164534301757812500e+02, 3.260743408203125000e+02, 5.792018890380859375e+00
4.203549906378611922e-05, 2.086074218750000000e+02, 1.326656188964843750e+02, 3.729931640625000000e+02, 6.846653938293457031e+00
4.507861012825742364e-05, 2.383973693847656250e+02, 1.500027160644531250e+02, 4.226874084472656250e+02, 8.059914588928222656e+00
4.800715396413579583e-05, 2.679372558593750000e+02, 1.675707855224609375e+02, 4.721755981445312500e+02, 9.331417083740234375e+00
5.104522642795927823e-05, 2.999092102050781250e+02, 1.861573333740234375e+02, 5.259329223632812500e+02, 1.074099731445312500e+01
5.407859498518519104e-05, 3.352100219726562500e+02, 2.047626037597656250e+02, 5.829871215820312500e+02, 1.237259292602539062e+01
5.710816913051530719e-05, 3.730307617187500000e+02, 2.234890899658203125e+02, 6.430849609375000000e+02, 1.428932285308837891e+01
6.002386726322583854e-05, 4.107798461914062500e+02, 2.420278015136718750e+02, 7.030267333984375000e+02, 1.641040039062500000e+01
6.305192073341459036e-05, 4.506689147949218750e+02, 2.621405029296875000e+02, 7.665457153320312500e+02, 1.869062805175781250e+01
6.608094554394483566e-05, 4.897014770507812500e+02, 2.841608581542968750e+02, 8.308073120117187500e+02, 2.102303314208984375e+01
6.910783849889412522e-05, 5.267591552734375000e+02, 3.086954345703125000e+02, 8.955876464843750000e+02, 2.337281036376953125e+01
7.202129199868068099e-05, 5.605220336914062500e+02, 3.343353576660156250e+02, 9.584013671875000000e+02, 2.568989372253417969e+01
7.504817767767235637e-05, 5.943789672851562500e+02, 3.630337829589843750e+02, 1.024369506835937500e+03, 2.811171150207519531e+01
7.807744987076148391e-05, 6.274625244140625000e+02, 3.937624206542968750e+02, 1.091354125976562500e+03, 3.043862915039062500e+01
8.110702765407040715e-05, 6.598703002929687500e+02, 4.262768249511718750e+02, 1.159475830078125000e+03, 3.282836914062500000e+01
8.402518142247572541e-05, 6.895839233398437500e+02, 4.596494140625000000e+02, 1.226375366210937500e+03, 3.540562057495117188e+01
8.705532673047855496e-05, 7.200625610351562500e+02, 4.961715698242187500e+02, 1.297863647460937500e+03, 3.840043640136718750e+01
9.008491906570270658e-05, 7.507980346679687500e+02, 5.335576171875000000e+02, 1.371308227539062500e+03, 4.158647537231445312e+01
9.300073725171387196e-05, 7.821458740234375000e+02, 5.707269897460937500e+02, 1.444693725585937500e+03, 4.456122589111328125e+01
9.602744103176519275e-05, 8.172938842773437500e+02, 6.108437500000000000e+02, 1.523737304687500000e+03, 4.731829452514648438e+01
9.905389742925763130e-05, 8.525734863281250000e+02, 6.532872314453125000e+02, 1.605479980468750000e+03, 5.016559219360351562e+01
1.020794079522602260e-04, 8.871483764648437500e+02, 6.985313720703125000e+02, 1.689332275390625000e+03, 5.327500915527343750e+01
1.051051804097369313e-04, 9.207843627929687500e+02, 7.454807128906250000e+02, 1.773941894531250000e+03, 5.683188629150390625e+01
1.080185975297354162e-04, 9.523372802734375000e+02, 7.911929931640625000e+02, 1.855331909179687500e+03, 6.066234588623046875e+01
1.110435332520864904e-04, 9.849366455078125000e+02, 8.379810180664062500e+02, 1.939120971679687500e+03, 6.481105041503906250e+01
1.140687672886997461e-04, 1.018260314941406250e+03, 8.831090698242187500e+02, 2.021701660156250000e+03, 6.921116638183593750e+01
1.170962568721733987e-04, 1.052567138671875000e+03, 9.260021362304687500e+02, 2.102423828125000000e+03, 7.382407379150390625e+01
1.200139522552490234e-04, 1.084427978515625000e+03, 9.650364379882812500e+02, 2.177843261718750000e+03, 7.845941162109375000e+01
1.230460911756381392e-04, 1.117292236328125000e+03, 1.002651184082031250e+03, 2.253744140625000000e+03, 8.359875488281250000e+01
1.260791468666866422e-04, 1.151503417968750000e+03, 1.037223022460937500e+03, 2.327571777343750000e+03, 8.853926086425781250e+01
1.290012878598645329e-04, 1.184915283203125000e+03, 1.068570190429687500e+03, 2.397359863281250000e+03, 9.338501739501953125e+01
1.320378651143983006e-04, 1.220034179687500000e+03, 1.100391479492187500e+03, 2.469253662109375000e+03, 9.834016418457031250e+01
1.350752863800153136e-04, 1.255571289062500000e+03, 1.131584472656250000e+03, 2.540584472656250000e+03, 1.031641159057617188e+02
1.380002795485779643e-04, 1.289420898437500000e+03, 1.161697875976562500e+03, 2.609031494140625000e+03, 1.074603958129882812e+02
1.410362310707569122e-04, 1.323720703125000000e+03, 1.193810791015625000e+03, 2.680037841796875000e+03, 1.121925354003906250e+02
1.440713240299373865e-04, 1.356294067382812500e+03, 1.226961425781250000e+03, 2.750614746093750000e+03, 1.170623931884765625e+02
1.471077557653188705e-04, 1.387294799804687500e+03, 1.259964965820312500e+03, 2.819884033203125000e+03, 1.226119537353515625e+02
1.500337093602865934e-04, 1.415705200195312500e+03, 1.291824462890625000e+03, 2.885552978515625000e+03, 1.283240814208984375e+02
1.530727458884939551e-04, 1.443540649414062500e+03, 1.325151611328125000e+03, 2.952560302734375000e+03, 1.340952606201171875e+02
1.560004166094586253e-04, 1.468413208007812500e+03, 1.357500488281250000e+03, 3.015569824218750000e+03, 1.397748718261718750e+02
1.590401370776817203e-04, 1.492157958984375000e+03, 1.392353027343750000e+03, 3.080203613281250000e+03, 1.457802276611328125e+02
1.620783586986362934e-04, 1.513598388671875000e+03, 1.429111328125000000e+03, 3.144712158203125000e+03, 1.515272369384765625e+02
1.650047488510608673e-04, 1.533302124023437500e+03, 1.466252807617187500e+03, 3.207235839843750000e+03, 1.569181365966796875e+02
1.680438726907595992e-04, 1.553302856445312500e+03, 1.505983764648437500e+03, 3.273196044921875000e+03, 1.621965179443359375e+02
1.710797951091080904e-04, 1.572366699218750000e+03, 1.548147460937500000e+03, 3.340675537109375000e+03, 1.678413238525390625e+02
1.740003208396956325e-04, 1.589399536132812500e+03, 1.591510620117187500e+03, 3.406839843750000000e+03, 1.735102844238281250e+02
1.770283706719055772e-04, 1.604756591796875000e+03, 1.638373535156250000e+03, 3.476284423828125000e+03, 1.791183166503906250e+02
1.800566387828439474e-04, 1.620029907226562500e+03, 1.686636840820312500e+03, 3.545982177734375000e+03, 1.851192626953125000e+02
1.830865076044574380e-04, 1.631073364257812500e+03, 1.737435302734375000e+03, 3.615364013671875000e+03, 1.912945404052734375e+02
1.860068878158926964e-04, 1.638164916992187500e+03, 1.789460205078125000e+03, 3.682091308593750000e+03, 1.967884216308593750e+02
1.890421990538015962e-04, 1.644400634765625000e+03, 1.846465698242187500e+03, 3.752011230468750000e+03, 2.025904083251953125e+02
1.920790236908942461e-04, 1.647792480468750000e+03, 1.906399536132812500e+03, 3.822489990234375000e+03, 2.085633544921875000e+02
1.950020086951553822e-04, 1.651509521484375000e+03, 1.966039062500000000e+03, 3.890663330078125000e+03, 2.137315979003906250e+02
1.980410161195322871e-04, 1.651577514648437500e+03, 2.030517089843750000e+03, 3.962049316406250000e+03, 2.196334228515625000e+02
2.010794414673000574e-04, 1.650288940429687500e+03, 2.097346435546875000e+03, 4.034179931640625000e+03, 2.252870941162109375e+02
2.040050894720479846e-04, 1.646893676757812500e+03, 2.163919921875000000e+03, 4.103566894531250000e+03, 2.309310455322265625e+02
2.070436312351375818e-04, 1.641180664062500000e+03, 2.235548339843750000e+03, 4.175841308593750000e+03, 2.368068237304687500e+02
2.100819256156682968e-04, 1.633395874023437500e+03, 2.309153076171875000e+03, 4.248456054687500000e+03, 2.433070983886718750e+02
2.130065840901806951e-04, 1.623183227539062500e+03, 2.382911132812500000e+03, 4.318946289062500000e+03, 2.499049682617187500e+02
2.160440635634586215e-04, 1.610267211914062500e+03, 2.460927978515625000e+03, 4.392063476562500000e+03, 2.576391906738281250e+02
2.190819213865324855e-04, 1.596348754882812500e+03, 2.540029541015625000e+03, 4.464680664062500000e+03, 2.645546875000000000e+02
2.220075257355347276e-04, 1.581801269531250000e+03, 2.617341064453125000e+03, 4.534205078125000000e+03, 2.710188903808593750e+02
2.250450634164735675e-04, 1.564617187500000000e+03, 2.699966308593750000e+03, 4.606728515625000000e+03, 2.778701171875000000e+02
2.280817279824987054e-04, 1.544930419921875000e+03, 2.785419921875000000e+03, 4.679703613281250000e+03, 2.846625671386718750e+02
2.310063864570111036e-04, 1.524230712890625000e+03, 2.870008544921875000e+03, 4.750280761718750000e+03, 2.912862548828125000e+02
2.340443752473220229e-04, 1.501229003906250000e+03, 2.959750732421875000e+03, 4.823250000000000000e+03, 2.982988281250000000e+02
2.370839793002232909e-04, 1.474683227539062500e+03, 3.051400146484375000e+03, 4.895922851562500000e+03, 3.054449462890625000e+02
2.400124358246102929e-04, 1.447981933593750000e+03, 3.141070800781250000e+03, 4.965728027343750000e+03, 3.128552856445312500e+02
2.430523745715618134e-04, 1.416747802734375000e+03, 3.235836914062500000e+03, 5.038376464843750000e+03, 3.207530212402343750e+02
2.460928517393767834e-04, 1.385118164062500000e+03, 3.332698242187500000e+03, 5.111489746093750000e+03, 3.287100219726562500e+02
2.490202314220368862e-04, 1.352816406250000000e+03, 3.426660156250000000e+03, 5.181621093750000000e+03, 3.365795288085937500e+02
2.520449343137443066e-04, 1.319563842773437500e+03, 3.524983642578125000e+03, 5.254078613281250000e+03, 3.452104492187500000e+02
2.550723147578537464e-04, 1.283080200195312500e+03, 3.623581054687500000e+03, 5.326570800781250000e+03, 3.539541625976562500e+02
2.581118606030941010e-04, 1.247522216796875000e+03, 3.722418701171875000e+03, 5.398646972656250000e+03, 3.629439086914062500e+02
2.610440715216100216e-04, 1.212065795898437500e+03, 3.817712158203125000e+03, 5.467281250000000000e+03, 3.719844360351562500e+02
2.640898164827376604e-04, 1.174324951171875000e+03, 3.916664306640625000e+03, 5.537716796875000000e+03, 3.815711059570312500e+02
2.670233661774545908e-04, 1.135984497070312500e+03, 4.012112792968750000e+03, 5.604489746093750000e+03, 3.909936218261718750e+02
2.700727200135588646e-04, 1.098069580078125000e+03, 4.110163574218750000e+03, 5.672918457031250000e+03, 4.005329895019531250e+02
2.730106934905052185e-04, 1.059127929687500000e+03, 4.204205566406250000e+03, 5.737555175781250000e+03, 4.096692810058593750e+02
2.760619972832500935e-04, 1.019318969726562500e+03, 4.301108398437500000e+03, 5.803376953125000000e+03, 4.187023925781250000e+02
2.791125443764030933e-04, 9.794372558593750000e+02, 4.396834472656250000e+03, 5.868235351562500000e+03, 4.279451599121093750e+02
2.820492954924702644e-04, 9.414584960937500000e+02, 4.488420410156250000e+03, 5.929895507812500000e+03, 4.366763916015625000e+02
2.850987948477268219e-04, 9.020906372070312500e+02, 4.582210449218750000e+03, 5.992347167968750000e+03, 4.458928833007812500e+02
2.880329557228833437e-04, 8.658795776367187500e+02, 4.671071777343750000e+03, 6.051281250000000000e+03, 4.543986816406250000e+02
2.910832408815622330e-04, 8.276397094726562500e+02, 4.761305175781250000e+03, 6.110780273437500000e+03, 4.632471923828125000e+02
2.940212725661695004e-04, 7.905488891601562500e+02, 4.846227539062500000e+03, 6.166522460937500000e+03, 4.719552001953125000e+02
2.970730420202016830e-04, 7.536818847656250000e+02, 4.932618652343750000e+03, 6.222725585937500000e+03, 4.809894104003906250e+02
3.000130818691104650e-04, 7.173161621093750000e+02, 5.013683105468750000e+03, 6.274920410156250000e+03, 4.898648681640625000e+02
3.030665684491395950e-04, 6.791600952148437500e+02, 5.095532226562500000e+03, 6.327462890625000000e+03, 4.994510803222656250e+02
3.060072194784879684e-04, 6.428898925781250000e+02, 5.172784667968750000e+03, 6.376806152343750000e+03, 5.087264099121093750e+02
3.090607060585170984e-04, 6.050172729492187500e+02, 5.250769531250000000e+03, 6.426389160156250000e+03, 5.187849121093750000e+02
3.120022884104400873e-04, 5.695441894531250000e+02, 5.323813964843750000e+03, 6.472851562500000000e+03, 5.289805297851562500e+02
3.150571719743311405e-04, 5.333515625000000000e+02, 5.397325683593750000e+03, 6.519676757812500000e+03, 5.396597290039062500e+02
3.181126376148313284e-04, 4.967778930664062500e+02, 5.469734375000000000e+03, 6.565137695312500000e+03, 5.500949096679687500e+02
3.210542199667543173e-04, 4.650432128906250000e+02, 5.537353515625000000e+03, 6.608260742187500000e+03, 5.592424926757812500e+02
3.241089580114930868e-04, 4.316239318847656250e+02, 5.605882812500000000e+03, 6.651754882812500000e+03, 5.686071166992187500e+02
3.270503075327724218e-04, 4.006773986816406250e+02, 5.670426269531250000e+03, 6.692506835937500000e+03, 5.772143554687500000e+02
3.301033866591751575e-04, 3.698574523925781250e+02, 5.733667968750000000e+03, 6.732916503906250000e+03, 5.858058471679687500e+02
3.330442123115062714e-04, 3.436715698242187500e+02, 5.792251953125000000e+03, 6.770045898437500000e+03, 5.932734375000000000e+02
3.361003182362765074e-04, 3.161849975585937500e+02, 5.849830566406250000e+03, 6.806085937500000000e+03, 6.005572509765625000e+02
3.390475467313081026e-04, 2.894387817382812500e+02, 5.902574707031250000e+03, 6.838764648437500000e+03, 6.079454345703125000e+02
3.421104629524052143e-04, 2.633995361328125000e+02, 5.953408203125000000e+03, 6.870413085937500000e+03, 6.155069580078125000e+02
3.450623771641403437e-04, 2.395717163085937500e+02, 5.999099609375000000e+03, 6.898818359375000000e+03, 6.228433227539062500e+02
3.480180166661739349e-04, 2.171343078613281250e+02, 6.041686035156250000e+03, 6.925387207031250000e+03, 6.300429077148437500e+02
3.510844835545867682e-04, 1.960763092041015625e+02, 6.082022460937500000e+03, 6.950885253906250000e+03, 6.371300048828125000e+02
3.540343896020203829e-04, 1.784435882568359375e+02, 6.116885253906250000e+03, 6.973832519531250000e+03, 6.435074462890625000e+02
3.570995177142322063e-04, 1.623032073974609375e+02, 6.150344726562500000e+03, 6.996437500000000000e+03, 6.498061523437500000e+02
3.600480558816343546e-04, 1.482723541259765625e+02, 6.179323730468750000e+03, 7.016236816406250000e+03, 6.554108886718750000e+02
3.631086729001253843e-04, 1.355218048095703125e+02, 6.206229003906250000e+03, 7.035015136718750000e+03, 6.606320190429687500e+02
3.660554357338696718e-04, 1.248226852416992188e+02, 6.229626953125000000e+03, 7.051717773437500000e+03, 6.653358154296875000e+02
3.690020821522921324e-04, 1.161419067382812500e+02, 6.249728515625000000e+03, 7.066640625000000000e+03, 6.698702392578125000e+02
3.720626700669527054e-04, 1.087971496582031250e+02, 6.266840820312500000e+03, 7.080062988281250000e+03, 6.743717041015625000e+02
3.750094911083579063e-04, 1.041230926513671875e+02, 6.279009765625000000e+03, 7.090758300781250000e+03, 6.782653808593750000e+02
3.780694969464093447e-04, 1.012020721435546875e+02, 6.287581542968750000e+03, 7.099413574218750000e+03, 6.818579711914062500e+02
3.810174530372023582e-04, 1.001739578247070312e+02, 6.291556640625000000e+03, 7.105271972656250000e+03, 6.850632324218750000e+02
3.840826975647360086e-04, 1.004540481567382812e+02, 6.291628906250000000e+03, 7.108528320312500000e+03, 6.880959472656250000e+02
3.870376385748386383e-04, 1.024203720092773438e+02, 6.288469726562500000e+03, 7.109958007812500000e+03, 6.908726196289062500e+02
3.901083255186676979e-04, 1.050138015747070312e+02, 6.283145996093750000e+03, 7.110058105468750000e+03, 6.936188964843750000e+02
3.930651873815804720e-04, 1.079010391235351562e+02, 6.277440429687500000e+03, 7.110058105468750000e+03, 6.963578491210937500e+02
3.960221656598150730e-04, 1.103159027099609375e+02, 6.272492187500000000e+03, 7.110058105468750000e+03, 6.989114379882812500e+02
3.990920668002218008e-04, 1.130578384399414062e+02, 6.267149414062500000e+03, 7.110058105468750000e+03, 7.013872070312500000e+02
4.020495980512350798e-04, 1.157720565795898438e+02, 6.261984863281250000e+03, 7.110058105468750000e+03, 7.037760620117187500e+02
4.050071001984179020e-04, 1.189250946044921875e+02, 6.256399902343750000e+03, 7.110058105468750000e+03, 7.061390380859375000e+02
4.080781654920428991e-04, 1.218536834716796875e+02, 6.251008789062500000e+03, 7.110058105468750000e+03, 7.085770874023437500e+02
4.110348818358033895e-04, 1.246089248657226562e+02, 6.245831054687500000e+03, 7.110058105468750000e+03, 7.109271240234375000e+02
4.141051613260060549e-04, 1.280628967285156250e+02, 6.239965332031250000e+03, 7.110058105468750000e+03, 7.133565673828125000e+02
4.170619067735970020e-04, 1.315911865234375000e+02, 6.234280273437500000e+03, 7.110058105468750000e+03, 7.155572509765625000e+02
4.200145485810935497e-04, 1.342769165039062500e+02, 6.229473632812500000e+03, 7.110058105468750000e+03, 7.177113037109375000e+02
4.230798513162881136e-04, 1.364615325927734375e+02, 6.224983398437500000e+03, 7.110058105468750000e+03, 7.199774169921875000e+02
4.260301939211785793e-04, 1.389112243652343750e+02, 6.220321289062500000e+03, 7.110058105468750000e+03, 7.221431274414062500e+02
4.290937504265457392e-04, 1.408911743164062500e+02, 6.216172851562500000e+03, 7.110058105468750000e+03, 7.243460693359375000e+02
4.320440348237752914e-04, 1.431945648193359375e+02, 6.211931640625000000e+03, 7.110058105468750000e+03, 7.261506347656250000e+02
4.351071547716856003e-04, 1.457816772460937500e+02, 6.207445312500000000e+03, 7.110058105468750000e+03, 7.279760131835937500e+02
4.380554892122745514e-04, 1.476498565673828125e+02, 6.203631835937500000e+03, 7.110058105468750000e+03, 7.297136230468750000e+02
4.410034744068980217e-04, 1.484201660156250000e+02, 6.200877441406250000e+03, 7.110058105468750000e+03, 7.315272216796875000e+02
4.440648190211504698e-04, 1.485517730712890625e+02, 6.198831054687500000e+03, 7.110058105468750000e+03, 7.333329467773437500e+02
4.470122221391648054e-04, 1.481374206542968750e+02, 6.197300781250000000e+03, 7.110058105468750000e+03, 7.351298217773437500e+02
4.500738868955522776e-04, 1.474925231933593750e+02, 6.196037597656250000e+03, 7.110058105468750000e+03, 7.369588623046875000e+02
4.530220467131584883e-04, 1.466097259521484375e+02, 6.195086914062500000e+03, 7.110058105468750000e+03, 7.387547607421875000e+02
4.560833622235804796e-04, 1.455251617431640625e+02, 6.194428710937500000e+03, 7.110058105468750000e+03, 7.405426635742187500e+02
4.590324824675917625e-04, 1.441235809326171875e+02, 6.194250000000000000e+03, 7.110058105468750000e+03, 7.421686401367187500e+02
4.620945546776056290e-04, 1.418903045654296875e+02, 6.194887207031250000e+03, 7.110058105468750000e+03, 7.437798461914062500e+02
4.650427727028727531e-04, 1.396726226806640625e+02, 6.195638183593750000e+03, 7.110058105468750000e+03, 7.452694702148437500e+02
4.681044956669211388e-04, 1.377243347167968750e+02, 6.196167968750000000e+03, 7.110058105468750000e+03, 7.466304321289062500e+02
4.710541397798806429e-04, 1.355125274658203125e+02, 6.197032226562500000e+03, 7.110058105468750000e+03, 7.479226684570312500e+02
4.740047734230756760e-04, 1.324803771972656250e+02, 6.198803710937500000e+03, 7.110058105468750000e+03, 7.491825561523437500e+02
4.770703380927443504e-04, 1.290396575927734375e+02, 6.201044921875000000e+03, 7.110058105468750000e+03, 7.504533691406250000e+02
4.800268798135221004e-04, 1.259646835327148438e+02, 6.202997070312500000e+03, 7.110058105468750000e+03, 7.516071777343750000e+02
4.831012338399887085e-04, 1.226889801025390625e+02, 6.205138183593750000e+03, 7.110058105468750000e+03, 7.528002929687500000e+02
4.860626650042831898e-04, 1.192793273925781250e+02, 6.207412109375000000e+03, 7.110058105468750000e+03, 7.539475097656250000e+02
4.890229320153594017e-04, 1.163639831542968750e+02, 6.209174316406250000e+03, 7.110058105468750000e+03, 7.551009521484375000e+02
4.920960636809468269e-04, 1.134579086303710938e+02, 6.210826660156250000e+03, 7.110058105468750000e+03, 7.563243408203125000e+02
4.950566799379885197e-04, 1.112139358520507812e+02, 6.211897460937500000e+03, 7.110058105468750000e+03, 7.574829101562500000e+02
4.980188678018748760e-04, 1.097047195434570312e+02, 6.212291503906250000e+03, 7.110058105468750000e+03, 7.586153564453125000e+02
5.010961904190480709e-04, 1.086538696289062500e+02, 6.212095703125000000e+03, 7.110058105468750000e+03, 7.598110961914062500e+02
5.040590185672044754e-04, 1.078717498779296875e+02, 6.211614257812500000e+03, 7.110058105468750000e+03, 7.609704589843750000e+02
5.070211482234299183e-04, 1.075791168212890625e+02, 6.210678710937500000e+03, 7.110058105468750000e+03, 7.621417236328125000e+02
5.100967828184366226e-04, 1.080665435791015625e+02, 6.208966796875000000e+03, 7.110058105468750000e+03, 7.633350219726562500e+02
5.130582721903920174e-04, 1.084919128417968750e+02, 6.207438476562500000e+03, 7.110058105468750000e+03, 7.644105224609375000e+02
5.160180153325200081e-04, 1.088044586181640625e+02, 6.205994628906250000e+03, 7.110058105468750000e+03, 7.654677124023437500e+02
5.190906231291592121e-04, 1.096020889282226562e+02, 6.204068359375000000e+03, 7.110058105468750000e+03, 7.665666503906250000e+02
5.220494931563735008e-04, 1.112185745239257812e+02, 6.201356933593750000e+03, 7.110058105468750000e+03, 7.676182250976562500e+02
5.250088870525360107e-04, 1.127949981689453125e+02, 6.198609375000000000e+03, 7.110058105468750000e+03, 7.687117919921875000e+02
5.280832410790026188e-04, 1.147699737548828125e+02, 6.195420410156250000e+03, 7.110058105468750000e+03, 7.698688354492187500e+02
5.310445558279752731e-04, 1.170258636474609375e+02, 6.192034667968750000e+03, 7.110058105468750000e+03, 7.709550170898437500e+02
5.340065690688788891e-04, 1.188175888061523438e+02, 6.189097656250000000e+03, 7.110058105468750000e+03, 7.720296630859375000e+02
5.370828439481556416e-04, 1.202649154663085938e+02, 6.186453613281250000e+03, 7.110058105468750000e+03, 7.731409301757812500e+02
5.400464287959039211e-04, 1.213356094360351562e+02, 6.184123046875000000e+03, 7.110058105468750000e+03, 7.742549438476562500e+02
5.430114688351750374e-04, 1.215635452270507812e+02, 6.182649902343750000e+03, 7.110058105468750000e+03, 7.754015502929687500e+02
5.460894899442791939e-04, 1.212769546508789062e+02, 6.181651367187500000e+03, 7.110058105468750000e+03, 7.766072998046875000e+02
5.490510957315564156e-04, 1.206737213134765625e+02, 6.180954101562500000e+03, 7.110058105468750000e+03, 7.778013305664062500e+02
5.520118284039199352e-04, 1.196016693115234375e+02, 6.180813476562500000e+03, 7.110058105468750000e+03, 7.789916381835937500e+02
5.550883361138403416e-04, 1.172446365356445312e+02, 6.181789062500000000e+03, 7.110058105468750000e+03, 7.802746582031250000e+02
5.580519791692495346e-04, 1.143874435424804688e+02, 6.183241210937500000e+03, 7.110058105468750000e+03, 7.815860595703125000e+02
5.610153893940150738e-04, 1.118672103881835938e+02, 6.184349609375000000e+03, 7.110058105468750000e+03, 7.828947143554687500e+02
5.640925955958664417e-04, 1.091161422729492188e+02, 6.185558105468750000e+03, 7.110058105468750000e+03, 7.843232421875000000e+02
5.670559476129710674e-04, 1.054838333129882812e+02, 6.187773925781250000e+03, 7.110058105468750000e+03, 7.857204589843750000e+02
5.700198234990239143e-04, 1.018036880493164062e+02, 6.190038085937500000e+03, 7.110058105468750000e+03, 7.871646728515625000e+02
5.730986595153808594e-04, 9.817787170410156250e+01, 6.192153320312500000e+03, 7.110058105468750000e+03, 7.886884155273437500e+02
5.760645144619047642e-04, 9.518267059326171875e+01, 6.193697265625000000e+03, 7.110058105468750000e+03, 7.901292724609375000e+02
5.790290888398885727e-04, 9.295125579833984375e+01, 6.194547851562500000e+03, 7.110058105468750000e+03, 7.915074462890625000e+02
5.821072845719754696e-04, 9.032872772216796875e+01, 6.195812988281250000e+03, 7.110058105468750000e+03, 7.928984985351562500e+02
5.850723828189074993e-04, 8.765927124023437500e+01, 6.197476562500000000e+03, 7.110058105468750000e+03, 7.941627807617187500e+02
5.880389944650232792e-04, 8.418477630615234375e+01, 6.199883789062500000e+03, 7.110058105468750000e+03, 7.953227539062500000e+02
5.910051986575126648e-04, 8.031176757812500000e+01, 6.202670898437500000e+03, 7.110058105468750000e+03, 7.964628295898437500e+02
5.940845585428178310e-04, 7.667619323730468750e+01, 6.205304199218750000e+03, 7.110058105468750000e+03, 7.975612182617187500e+02
5.970468628220260143e-04, 7.361602783203125000e+01, 6.207428222656250000e+03, 7.110058105468750000e+03, 7.985830078125000000e+02
6.000000284984707832e-04, 7.111980438232421875e+01, 6.208947753906250000e+03, 7.110058105468750000e+03, 7.996038818359375000e+02
